{
 "cells": [
  {
   "cell_type": "code",
   "execution_count": 4,
   "metadata": {},
   "outputs": [
    {
     "name": "stdout",
     "output_type": "stream",
     "text": [
      "Total images loaded: 1000\n",
      "Image data shape: (1000, 16384)\n",
      "Data split into training and testing sets.\n",
      "Data standardized.\n",
      "PCA for digit 0 retains 18 components.\n",
      "PCA for digit 1 retains 12 components.\n",
      "PCA for digit 2 retains 25 components.\n",
      "PCA for digit 3 retains 16 components.\n",
      "PCA for digit 4 retains 17 components.\n",
      "PCA for digit 5 retains 18 components.\n",
      "PCA for digit 6 retains 17 components.\n",
      "PCA for digit 7 retains 15 components.\n",
      "PCA for digit 8 retains 19 components.\n",
      "PCA for digit 9 retains 17 components.\n",
      "Parameters for digit 0: Mean - [-1.29189588e-15 -1.06120019e-15  2.59532655e-15  2.49151349e-15\n",
      "  9.57387128e-16  8.70876243e-16  6.89203384e-16 -8.82411027e-16\n",
      " -1.97244818e-15 -1.96091339e-16  7.15156650e-16 -4.75809868e-16\n",
      " -3.31625059e-17 -1.37263938e-15  1.52547527e-15 -7.18040346e-16\n",
      " -9.22782774e-17  7.38226219e-16], Covariance - [[ 1.03928123e+04  5.87836583e-11  1.82018034e-12  5.05811006e-13\n",
      "   3.19932637e-13 -1.81151245e-14 -4.27006546e-13 -5.34566368e-13\n",
      "  -4.79216582e-13  2.01155354e-12  8.08768426e-13  1.52055570e-13\n",
      "   3.08824043e-13  1.42660806e-12 -6.58125126e-13 -5.14308682e-13\n",
      "   2.26701065e-13 -1.28070962e-12]\n",
      " [ 5.87836583e-11  7.85625689e+02 -2.56955930e-13 -4.29571987e-14\n",
      "   1.91627290e-13 -2.44818346e-13 -1.78489177e-14  2.51357614e-14\n",
      "  -5.42967864e-14 -1.43036360e-13  8.30030996e-14  3.83530329e-13\n",
      "   2.17804764e-13  1.87616317e-14 -1.52969760e-13 -8.75606417e-14\n",
      "  -4.53646223e-14 -5.23346398e-14]\n",
      " [ 1.82018034e-12 -2.56955930e-13  5.46129364e+02  2.91114482e-13\n",
      "  -1.27503725e-14  1.10327691e-13 -1.51319797e-13  2.88305785e-13\n",
      "   6.84070916e-14 -3.31588253e-14  8.44976516e-14 -4.03118284e-14\n",
      "  -1.68365045e-13  5.63702125e-14  6.24454957e-14  1.65783632e-14\n",
      "   1.40793987e-13 -3.81688399e-14]\n",
      " [ 5.05811006e-13 -4.29571987e-14  2.91114482e-13  4.77720234e+02\n",
      "  -5.95554989e-14 -1.13842347e-13  7.43788541e-14 -2.17947389e-13\n",
      "   1.41479999e-13  1.34772138e-14  4.08819912e-14 -1.65283702e-13\n",
      "   4.77266407e-14  1.77141551e-13  7.95062494e-15  4.01045389e-15\n",
      "   4.89356195e-14  1.19566974e-13]\n",
      " [ 3.19932637e-13  1.91627290e-13 -1.27503725e-14 -5.95554989e-14\n",
      "   4.47266282e+02  5.66983370e-13 -1.04751785e-13  1.51422654e-13\n",
      "   9.60962287e-14  1.26020770e-13 -2.50727108e-14 -8.07829399e-14\n",
      "   1.69491629e-14  1.27146762e-13  5.96823476e-14 -1.00242277e-13\n",
      "  -1.65199822e-14  1.19810745e-13]\n",
      " [-1.81151245e-14 -2.44818346e-13  1.10327691e-13 -1.13842347e-13\n",
      "   5.66983370e-13  3.66880319e+02 -2.46106035e-13 -4.14739571e-14\n",
      "   9.25987130e-14  1.67813903e-14 -4.07041470e-14 -3.70065013e-14\n",
      "   3.15894430e-14 -5.86609887e-14  5.73300955e-15 -4.24787088e-14\n",
      "   1.62764453e-13 -1.04721894e-13]\n",
      " [-4.27006546e-13 -1.78489177e-14 -1.51319797e-13  7.43788541e-14\n",
      "  -1.04751785e-13 -2.46106035e-13  3.17614671e+02 -2.02866321e-13\n",
      "  -5.11261653e-14  1.51025401e-14 -8.54622123e-14  3.58855541e-15\n",
      "   4.74933560e-14 -1.54361754e-13  1.26933526e-13  1.17396241e-13\n",
      "   5.19763724e-14 -8.01947978e-14]\n",
      " [-5.34566368e-13  2.51357614e-14  2.88305785e-13 -2.17947389e-13\n",
      "   1.51422654e-13 -4.14739571e-14 -2.02866321e-13  2.91995847e+02\n",
      "  -4.10308940e-13 -2.85058993e-14  1.11576506e-13 -3.95392107e-14\n",
      "  -1.09638140e-13  5.49623597e-14  9.93918226e-14 -1.03279489e-14\n",
      "   2.17241823e-15 -1.10285429e-14]\n",
      " [-4.79216582e-13 -5.42967864e-14  6.84070916e-14  1.41479999e-13\n",
      "   9.60962287e-14  9.25987130e-14 -5.11261653e-14 -4.10308940e-13\n",
      "   2.53721553e+02  5.06093556e-14 -1.12104115e-13 -5.00737006e-14\n",
      "   2.17867520e-14 -1.30851955e-13  1.42953472e-13  3.76716941e-14\n",
      "  -7.49878017e-14 -3.42273727e-15]\n",
      " [ 2.01155354e-12 -1.43036360e-13 -3.31588253e-14  1.34772138e-14\n",
      "   1.26020770e-13  1.67813903e-14  1.51025401e-14 -2.85058993e-14\n",
      "   5.06093556e-14  2.22523506e+02  1.86648411e-14  1.92357957e-13\n",
      "  -1.74204980e-13 -2.24344197e-15 -1.26141159e-14  4.00934565e-14\n",
      "  -9.74899641e-15 -5.79632920e-14]\n",
      " [ 8.08768426e-13  8.30030996e-14  8.44976516e-14  4.08819912e-14\n",
      "  -2.50727108e-14 -4.07041470e-14 -8.54622123e-14  1.11576506e-13\n",
      "  -1.12104115e-13  1.86648411e-14  2.07714115e+02  4.15027322e-14\n",
      "   4.48812018e-14  1.23009250e-13 -4.00841949e-15 -5.35751124e-14\n",
      "   2.05592819e-14 -3.87871582e-14]\n",
      " [ 1.52055570e-13  3.83530329e-13 -4.03118284e-14 -1.65283702e-13\n",
      "  -8.07829399e-14 -3.70065013e-14  3.58855541e-15 -3.95392107e-14\n",
      "  -5.00737006e-14  1.92357957e-13  4.15027322e-14  1.92191751e+02\n",
      "  -1.38014637e-13  8.46989930e-15  4.41483256e-14 -5.07668291e-14\n",
      "   4.19200265e-14  5.29588201e-15]\n",
      " [ 3.08824043e-13  2.17804764e-13 -1.68365045e-13  4.77266407e-14\n",
      "   1.69491629e-14  3.15894430e-14  4.74933560e-14 -1.09638140e-13\n",
      "   2.17867520e-14 -1.74204980e-13  4.48812018e-14 -1.38014637e-13\n",
      "   1.59295959e+02 -2.58918100e-13 -3.64057168e-14 -2.93114923e-14\n",
      "   1.11801366e-13 -3.64635710e-14]\n",
      " [ 1.42660806e-12  1.87616317e-14  5.63702125e-14  1.77141551e-13\n",
      "   1.27146762e-13 -5.86609887e-14 -1.54361754e-13  5.49623597e-14\n",
      "  -1.30851955e-13 -2.24344197e-15  1.23009250e-13  8.46989930e-15\n",
      "  -2.58918100e-13  1.48270986e+02 -2.07883031e-14 -9.16443183e-14\n",
      "  -6.95445958e-14  1.55962507e-14]\n",
      " [-6.58125126e-13 -1.52969760e-13  6.24454957e-14  7.95062494e-15\n",
      "   5.96823476e-14  5.73300955e-15  1.26933526e-13  9.93918226e-14\n",
      "   1.42953472e-13 -1.26141159e-14 -4.00841949e-15  4.41483256e-14\n",
      "  -3.64057168e-14 -2.07883031e-14  1.31788798e+02  1.58956886e-13\n",
      "   5.39382520e-14 -1.26320528e-14]\n",
      " [-5.14308682e-13 -8.75606417e-14  1.65783632e-14  4.01045389e-15\n",
      "  -1.00242277e-13 -4.24787088e-14  1.17396241e-13 -1.03279489e-14\n",
      "   3.76716941e-14  4.00934565e-14 -5.35751124e-14 -5.07668291e-14\n",
      "  -2.93114923e-14 -9.16443183e-14  1.58956886e-13  1.25852818e+02\n",
      "  -2.04368191e-14 -6.34440180e-14]\n",
      " [ 2.26701065e-13 -4.53646223e-14  1.40793987e-13  4.89356195e-14\n",
      "  -1.65199822e-14  1.62764453e-13  5.19763724e-14  2.17241823e-15\n",
      "  -7.49878017e-14 -9.74899641e-15  2.05592819e-14  4.19200265e-14\n",
      "   1.11801366e-13 -6.95445958e-14  5.39382520e-14 -2.04368191e-14\n",
      "   1.21137585e+02  8.13978995e-14]\n",
      " [-1.28070962e-12 -5.23346398e-14 -3.81688399e-14  1.19566974e-13\n",
      "   1.19810745e-13 -1.04721894e-13 -8.01947978e-14 -1.10285429e-14\n",
      "  -3.42273727e-15 -5.79632920e-14 -3.87871582e-14  5.29588201e-15\n",
      "  -3.64635710e-14  1.55962507e-14 -1.26320528e-14 -6.34440180e-14\n",
      "   8.13978995e-14  1.11279760e+02]]\n",
      "Parameters for digit 1: Mean - [-7.47939722e-17 -5.60954791e-16  2.18071175e-15 -6.17050271e-16\n",
      " -3.26288704e-15  7.43265099e-16 -5.89002531e-16 -1.40238698e-17\n",
      "  2.57104279e-17 -5.00184689e-16 -2.82814707e-16 -1.25279903e-15], Covariance - [[ 1.21584750e+04 -1.58813535e-11  3.22054565e-12  1.54553626e-13\n",
      "  -2.78152697e-12 -4.46527027e-13 -3.34525446e-12 -1.30976071e-13\n",
      "   3.99703693e-13 -1.11537672e-13  3.65131799e-12  8.29804377e-15]\n",
      " [-1.58813535e-11  6.25494631e+02  2.47841992e-14  1.88079842e-13\n",
      "  -4.15269838e-13 -3.71455546e-13 -7.01937029e-14 -2.04406117e-14\n",
      "   7.84043241e-14  1.99951017e-13 -2.62377168e-15 -2.82452244e-13]\n",
      " [ 3.22054565e-12  2.47841992e-14  4.27701659e+02  6.51913267e-14\n",
      "  -1.04566376e-13  4.77382991e-14  7.45849270e-14 -5.21882463e-16\n",
      "  -3.28371908e-14  1.75133491e-13 -6.82197090e-14 -4.60206749e-14]\n",
      " [ 1.54553626e-13  1.88079842e-13  6.51913267e-14  3.35672901e+02\n",
      "  -8.52964710e-14 -1.41422283e-13 -1.34918776e-13 -3.03855276e-14\n",
      "   1.18912652e-13 -1.30722783e-13 -5.89288772e-14 -8.72844265e-14]\n",
      " [-2.78152697e-12 -4.15269838e-13 -1.04566376e-13 -8.52964710e-14\n",
      "   2.59119293e+02 -5.26165521e-14 -2.49632098e-13 -1.21362556e-14\n",
      "  -4.90798348e-14 -1.99177473e-13 -3.53808945e-14  5.71464085e-14]\n",
      " [-4.46527027e-13 -3.71455546e-13  4.77382991e-14 -1.41422283e-13\n",
      "  -5.26165521e-14  2.42464441e+02  1.14120285e-13 -1.62057453e-13\n",
      "  -6.51904097e-14 -7.05102104e-14  5.74930993e-14 -2.95815658e-14]\n",
      " [-3.34525446e-12 -7.01937029e-14  7.45849270e-14 -1.34918776e-13\n",
      "  -2.49632098e-13  1.14120285e-13  2.23865455e+02 -9.40297031e-14\n",
      "  -4.42479670e-14 -1.62242699e-13 -1.97005186e-14 -7.71077581e-14]\n",
      " [-1.30976071e-13 -2.04406117e-14 -5.21882463e-16 -3.03855276e-14\n",
      "  -1.21362556e-14 -1.62057453e-13 -9.40297031e-14  2.04047007e+02\n",
      "   8.12997797e-15 -4.23443224e-14  1.10224185e-13  1.76871638e-14]\n",
      " [ 3.99703693e-13  7.84043241e-14 -3.28371908e-14  1.18912652e-13\n",
      "  -4.90798348e-14 -6.51904097e-14 -4.42479670e-14  8.12997797e-15\n",
      "   1.92209436e+02 -6.75867960e-14  5.99260096e-14  7.06307862e-14]\n",
      " [-1.11537672e-13  1.99951017e-13  1.75133491e-13 -1.30722783e-13\n",
      "  -1.99177473e-13 -7.05102104e-14 -1.62242699e-13 -4.23443224e-14\n",
      "  -6.75867960e-14  1.63331887e+02  6.66198060e-14  5.08996702e-14]\n",
      " [ 3.65131799e-12 -2.62377168e-15 -6.82197090e-14 -5.89288772e-14\n",
      "  -3.53808945e-14  5.74930993e-14 -1.97005186e-14  1.10224185e-13\n",
      "   5.99260096e-14  6.66198060e-14  1.48129190e+02 -5.61773571e-14]\n",
      " [ 8.29804377e-15 -2.82452244e-13 -4.60206749e-14 -8.72844265e-14\n",
      "   5.71464085e-14 -2.95815658e-14 -7.71077581e-14  1.76871638e-14\n",
      "   7.06307862e-14  5.08996702e-14 -5.61773571e-14  1.31308572e+02]]\n",
      "Parameters for digit 2: Mean - [-3.95873810e-15 -6.41391702e-15  3.32432494e-15 -1.62409768e-15\n",
      " -1.01506105e-16 -2.43614652e-15 -1.92861600e-15  1.30689110e-15\n",
      "  1.63678594e-15 -2.79141789e-16  4.47261276e-16 -1.67485073e-15\n",
      "  1.82710989e-15 -1.56065637e-15 -7.80328183e-16  7.23230999e-16\n",
      " -2.42345826e-15 -2.03012210e-16 -2.11893994e-15  1.01188899e-15\n",
      "  2.28388736e-16 -5.07530526e-17  9.59549900e-17  4.09196486e-16\n",
      "  1.01506105e-16], Covariance - [[ 5.72072610e+03  8.74760919e-12  5.62985147e-13  8.30331577e-13\n",
      "  -2.60060355e-13  1.82046206e-12  8.53698133e-13 -1.23287517e-14\n",
      "   2.24439718e-12  6.48657974e-13 -7.95962398e-14 -8.35751711e-13\n",
      "   1.10937482e-12 -1.38609328e-13 -7.41791131e-14 -3.01522566e-13\n",
      "   9.28560077e-13  1.77151435e-13  9.13401801e-13  2.89360250e-13\n",
      "  -8.07447792e-13 -3.06848257e-13  3.64018374e-13 -1.73150206e-12\n",
      "   1.16532984e-12]\n",
      " [ 8.74760919e-12  9.79519606e+02  3.67732751e-13 -6.02786153e-13\n",
      "  -1.71308701e-13  7.06529628e-13  9.55240442e-14  3.16773631e-13\n",
      "  -1.38663089e-13  2.96383048e-13  5.33994450e-13 -1.26338010e-13\n",
      "  -7.57027301e-14  7.22498289e-14  2.83693532e-14 -1.31839520e-13\n",
      "   2.74590957e-13  2.08484494e-14  1.17236242e-13 -1.13047709e-13\n",
      "   1.42587673e-13  3.26641583e-14  1.75138336e-13  3.62129204e-14\n",
      "   3.77814765e-13]\n",
      " [ 5.62985147e-13  3.67732751e-13  7.63195116e+02  3.33599040e-13\n",
      "  -1.98726137e-13  6.54640697e-13 -2.36639108e-13  5.44185217e-14\n",
      "  -2.93421195e-13  1.45909111e-14  1.11976184e-14 -1.17183777e-13\n",
      "   4.46496903e-14 -1.04374691e-13  3.53854195e-13 -1.17908708e-13\n",
      "   1.36317491e-13  2.16997642e-13 -3.12905625e-14  1.54484545e-13\n",
      "  -8.15187212e-14 -1.63127694e-14 -7.28566467e-14 -2.83448769e-13\n",
      "   1.51540631e-13]\n",
      " [ 8.30331577e-13 -6.02786153e-13  3.33599040e-13  6.38470095e+02\n",
      "   5.93891094e-13  1.97793604e-13 -1.06174332e-13 -1.23936029e-13\n",
      "   3.07689386e-13  1.97812828e-13  3.46607035e-14  1.65383810e-13\n",
      "  -1.54062996e-13 -1.80463540e-13 -1.72017192e-13 -1.65027512e-13\n",
      "   1.32135646e-13 -1.21017388e-13  1.62157531e-14  7.32306880e-14\n",
      "  -1.88504886e-14 -1.20325949e-13 -2.59118492e-14  1.94295799e-14\n",
      "  -5.96773277e-14]\n",
      " [-2.60060355e-13 -1.71308701e-13 -1.98726137e-13  5.93891094e-13\n",
      "   6.11137509e+02  1.56023993e-13 -3.25750405e-13  3.09548396e-13\n",
      "  -2.44041536e-14  1.45520030e-13 -5.24344874e-14  1.66432576e-13\n",
      "  -1.96612297e-13  4.23933565e-14 -1.27247077e-13 -4.95472389e-14\n",
      "   1.75324126e-14 -5.72026739e-14 -3.92111523e-15  1.26977570e-13\n",
      "   3.59928950e-14  7.77482880e-15  1.19581677e-13 -5.70094202e-14\n",
      "  -2.49526397e-13]\n",
      " [ 1.82046206e-12  7.06529628e-13  6.54640697e-13  1.97793604e-13\n",
      "   1.56023993e-13  4.85269841e+02 -3.62757567e-12 -1.17166484e-13\n",
      "   1.38258669e-13 -6.12589028e-14  1.56090619e-13  1.22937674e-13\n",
      "   1.87244059e-13 -2.23101746e-13  2.99224452e-13 -6.89144250e-14\n",
      "   5.03662275e-14 -1.21868399e-13 -2.81001200e-13 -7.97958869e-14\n",
      "   3.37227227e-14  3.03046596e-13  5.68321563e-14  3.29784223e-14\n",
      "  -4.27531598e-14]\n",
      " [ 8.53698133e-13  9.55240442e-14 -2.36639108e-13 -1.06174332e-13\n",
      "  -3.25750405e-13 -3.62757567e-12  4.33710985e+02  2.49907350e-13\n",
      "   9.97676376e-14 -2.22996944e-13 -2.11000711e-14  3.40362033e-14\n",
      "   1.04575709e-13  3.49988843e-13  7.77138333e-14  8.36412627e-14\n",
      "   1.21363234e-13  9.99219958e-14  4.87074160e-14 -1.47119768e-13\n",
      "   1.55206970e-13  8.86408584e-14 -3.69739492e-14  1.64601413e-14\n",
      "   8.64882978e-15]\n",
      " [-1.23287517e-14  3.16773631e-13  5.44185217e-14 -1.23936029e-13\n",
      "   3.09548396e-13 -1.17166484e-13  2.49907350e-13  3.99521913e+02\n",
      "   3.15045958e-13 -1.00901846e-13 -5.29546283e-14 -9.81772935e-14\n",
      "   3.07148830e-14  2.35894557e-13  1.62109489e-13 -2.42198920e-14\n",
      "   1.41662945e-13  9.60386161e-14  4.44311879e-14  1.19501570e-14\n",
      "   1.03982431e-14 -1.92274656e-13 -3.14767557e-14  5.51732716e-14\n",
      "  -7.50383050e-14]\n",
      " [ 2.24439718e-12 -1.38663089e-13 -2.93421195e-13  3.07689386e-13\n",
      "  -2.44041536e-14  1.38258669e-13  9.97676376e-14  3.15045958e-13\n",
      "   3.67403441e+02  2.66827061e-13 -3.77938291e-13 -2.84159371e-13\n",
      "  -3.72425522e-14 -2.18654261e-14 -3.21338077e-13 -3.76425747e-14\n",
      "   1.07904102e-14 -9.40565493e-14 -8.69103302e-14  2.36454541e-14\n",
      "   9.08868872e-14 -5.61788676e-14 -4.98146733e-14  2.99564871e-14\n",
      "  -4.19137851e-14]\n",
      " [ 6.48657974e-13  2.96383048e-13  1.45909111e-14  1.97812828e-13\n",
      "   1.45520030e-13 -6.12589028e-14 -2.22996944e-13 -1.00901846e-13\n",
      "   2.66827061e-13  3.58435724e+02  9.31764012e-14 -2.30700573e-13\n",
      "   6.01870513e-14 -3.09889238e-14  1.45464331e-13 -1.64335304e-13\n",
      "  -7.32489737e-14 -7.92918882e-14  6.45977832e-14  1.00042690e-14\n",
      "   1.96923818e-14  1.39761413e-13 -4.22750435e-14 -4.06071299e-15\n",
      "   6.65637077e-14]\n",
      " [-7.95962398e-14  5.33994450e-13  1.11976184e-14  3.46607035e-14\n",
      "  -5.24344874e-14  1.56090619e-13 -2.11000711e-14 -5.29546283e-14\n",
      "  -3.77938291e-13  9.31764012e-14  2.90921770e+02 -2.29290204e-14\n",
      "  -6.17934975e-14  5.13865182e-14 -2.66032235e-13 -1.06042684e-14\n",
      "   8.59455403e-14  2.99048739e-15  2.35441320e-14  7.46675300e-14\n",
      "  -1.11786834e-13 -8.21057264e-14 -5.29427831e-14  1.42516927e-13\n",
      "  -1.80428618e-14]\n",
      " [-8.35751711e-13 -1.26338010e-13 -1.17183777e-13  1.65383810e-13\n",
      "   1.66432576e-13  1.22937674e-13  3.40362033e-14 -9.81772935e-14\n",
      "  -2.84159371e-13 -2.30700573e-13 -2.29290204e-14  2.81326320e+02\n",
      "  -6.65375164e-14 -6.46026606e-14 -6.94252750e-14 -5.67446569e-14\n",
      "   5.88908339e-14  5.63536552e-14  2.82204131e-15  5.61115941e-15\n",
      "   5.96294377e-14  8.99740766e-14  1.07441134e-13 -1.59651903e-13\n",
      "  -3.21862573e-14]\n",
      " [ 1.10937482e-12 -7.57027301e-14  4.46496903e-14 -1.54062996e-13\n",
      "  -1.96612297e-13  1.87244059e-13  1.04575709e-13  3.07148830e-14\n",
      "  -3.72425522e-14  6.01870513e-14 -6.17934975e-14 -6.65375164e-14\n",
      "   2.40589770e+02  3.79183452e-15  7.26779140e-14 -3.62889298e-14\n",
      "   2.61642162e-14  4.49851422e-14 -6.30666611e-14 -1.01428687e-14\n",
      "  -5.54008751e-14 -8.49523741e-14 -8.30658736e-14  2.35646111e-13\n",
      "   6.36529565e-14]\n",
      " [-1.38609328e-13  7.22498289e-14 -1.04374691e-13 -1.80463540e-13\n",
      "   4.23933565e-14 -2.23101746e-13  3.49988843e-13  2.35894557e-13\n",
      "  -2.18654261e-14 -3.09889238e-14  5.13865182e-14 -6.46026606e-14\n",
      "   3.79183452e-15  2.32255871e+02 -1.41628770e-13  6.13305055e-14\n",
      "  -7.29787301e-14 -6.88947484e-14  6.11817773e-14  1.03697385e-14\n",
      "  -2.33573992e-14 -2.09590371e-14 -2.94035448e-14 -1.29236409e-13\n",
      "   3.13487296e-14]\n",
      " [-7.41791131e-14  2.83693532e-14  3.53854195e-13 -1.72017192e-13\n",
      "  -1.27247077e-13  2.99224452e-13  7.77138333e-14  1.62109489e-13\n",
      "  -3.21338077e-13  1.45464331e-13 -2.66032235e-13 -6.94252750e-14\n",
      "   7.26779140e-14 -1.41628770e-13  2.07563937e+02 -1.57195706e-13\n",
      "   1.08216265e-13  1.38422382e-13  6.79244215e-14  4.68864681e-15\n",
      "  -3.53044958e-15  4.73405379e-14  1.23210520e-13  3.56395726e-15\n",
      "  -1.24030448e-13]\n",
      " [-3.01522566e-13 -1.31839520e-13 -1.17908708e-13 -1.65027512e-13\n",
      "  -4.95472389e-14 -6.89144250e-14  8.36412627e-14 -2.42198920e-14\n",
      "  -3.76425747e-14 -1.64335304e-13 -1.06042684e-14 -5.67446569e-14\n",
      "  -3.62889298e-14  6.13305055e-14 -1.57195706e-13  1.96433101e+02\n",
      "  -1.09536587e-15 -2.67480898e-14  1.13574382e-15  1.04178161e-13\n",
      "   5.32693182e-14  2.37454925e-14 -6.49935259e-14  3.17258329e-14\n",
      "  -2.68595542e-14]\n",
      " [ 9.28560077e-13  2.74590957e-13  1.36317491e-13  1.32135646e-13\n",
      "   1.75324126e-14  5.03662275e-14  1.21363234e-13  1.41662945e-13\n",
      "   1.07904102e-14 -7.32489737e-14  8.59455403e-14  5.88908339e-14\n",
      "   2.61642162e-14 -7.29787301e-14  1.08216265e-13 -1.09536587e-15\n",
      "   1.80459637e+02 -4.02777470e-14 -2.86738417e-14 -2.97430642e-14\n",
      "   3.64270731e-14 -1.47394038e-13 -3.54583283e-15  6.77420632e-14\n",
      "  -1.68424266e-14]\n",
      " [ 1.77151435e-13  2.08484494e-14  2.16997642e-13 -1.21017388e-13\n",
      "  -5.72026739e-14 -1.21868399e-13  9.99219958e-14  9.60386161e-14\n",
      "  -9.40565493e-14 -7.92918882e-14  2.99048739e-15  5.63536552e-14\n",
      "   4.49851422e-14 -6.88947484e-14  1.38422382e-13 -2.67480898e-14\n",
      "  -4.02777470e-14  1.73755763e+02 -2.11482988e-13  2.13559373e-13\n",
      "  -1.56923691e-13  2.43247899e-13  1.78863941e-14  1.24950055e-13\n",
      "  -9.93092562e-14]\n",
      " [ 9.13401801e-13  1.17236242e-13 -3.12905625e-14  1.62157531e-14\n",
      "  -3.92111523e-15 -2.81001200e-13  4.87074160e-14  4.44311879e-14\n",
      "  -8.69103302e-14  6.45977832e-14  2.35441320e-14  2.82204131e-15\n",
      "  -6.30666611e-14  6.11817773e-14  6.79244215e-14  1.13574382e-15\n",
      "  -2.86738417e-14 -2.11482988e-13  1.65358615e+02 -1.16237164e-13\n",
      "   3.36050328e-13 -3.75828013e-13  7.09691871e-15  7.03867938e-14\n",
      "  -3.34368248e-14]\n",
      " [ 2.89360250e-13 -1.13047709e-13  1.54484545e-13  7.32306880e-14\n",
      "   1.26977570e-13 -7.97958869e-14 -1.47119768e-13  1.19501570e-14\n",
      "   2.36454541e-14  1.00042690e-14  7.46675300e-14  5.61115941e-15\n",
      "  -1.01428687e-14  1.03697385e-14  4.68864681e-15  1.04178161e-13\n",
      "  -2.97430642e-14  2.13559373e-13 -1.16237164e-13  1.54958339e+02\n",
      "  -1.47566667e-13 -2.36390797e-13 -7.44661365e-14 -6.74132715e-15\n",
      "  -3.40159554e-14]\n",
      " [-8.07447792e-13  1.42587673e-13 -8.15187212e-14 -1.88504886e-14\n",
      "   3.59928950e-14  3.37227227e-14  1.55206970e-13  1.03982431e-14\n",
      "   9.08868872e-14  1.96923818e-14 -1.11786834e-13  5.96294377e-14\n",
      "  -5.54008751e-14 -2.33573992e-14 -3.53044958e-15  5.32693182e-14\n",
      "   3.64270731e-14 -1.56923691e-13  3.36050328e-13 -1.47566667e-13\n",
      "   1.46212597e+02 -1.08277810e-13 -5.03310414e-14  3.00949210e-14\n",
      "   4.13096375e-14]\n",
      " [-3.06848257e-13  3.26641583e-14 -1.63127694e-14 -1.20325949e-13\n",
      "   7.77482880e-15  3.03046596e-13  8.86408584e-14 -1.92274656e-13\n",
      "  -5.61788676e-14  1.39761413e-13 -8.21057264e-14  8.99740766e-14\n",
      "  -8.49523741e-14 -2.09590371e-14  4.73405379e-14  2.37454925e-14\n",
      "  -1.47394038e-13  2.43247899e-13 -3.75828013e-13 -2.36390797e-13\n",
      "  -1.08277810e-13  1.38456522e+02 -8.29739490e-14 -1.26342604e-13\n",
      "   5.22575589e-14]\n",
      " [ 3.64018374e-13  1.75138336e-13 -7.28566467e-14 -2.59118492e-14\n",
      "   1.19581677e-13  5.68321563e-14 -3.69739492e-14 -3.14767557e-14\n",
      "  -4.98146733e-14 -4.22750435e-14 -5.29427831e-14  1.07441134e-13\n",
      "  -8.30658736e-14 -2.94035448e-14  1.23210520e-13 -6.49935259e-14\n",
      "  -3.54583283e-15  1.78863941e-14  7.09691871e-15 -7.44661365e-14\n",
      "  -5.03310414e-14 -8.29739490e-14  1.31236788e+02  8.17646360e-15\n",
      "   4.42961369e-14]\n",
      " [-1.73150206e-12  3.62129204e-14 -2.83448769e-13  1.94295799e-14\n",
      "  -5.70094202e-14  3.29784223e-14  1.64601413e-14  5.51732716e-14\n",
      "   2.99564871e-14 -4.06071299e-15  1.42516927e-13 -1.59651903e-13\n",
      "   2.35646111e-13 -1.29236409e-13  3.56395726e-15  3.17258329e-14\n",
      "   6.77420632e-14  1.24950055e-13  7.03867938e-14 -6.74132715e-15\n",
      "   3.00949210e-14 -1.26342604e-13  8.17646360e-15  1.17400548e+02\n",
      "   7.65886518e-14]\n",
      " [ 1.16532984e-12  3.77814765e-13  1.51540631e-13 -5.96773277e-14\n",
      "  -2.49526397e-13 -4.27531598e-14  8.64882978e-15 -7.50383050e-14\n",
      "  -4.19137851e-14  6.65637077e-14 -1.80428618e-14 -3.21862573e-14\n",
      "   6.36529565e-14  3.13487296e-14 -1.24030448e-13 -2.68595542e-14\n",
      "  -1.68424266e-14 -9.93092562e-14 -3.34368248e-14 -3.40159554e-14\n",
      "   4.13096375e-14  5.22575589e-14  4.42961369e-14  7.65886518e-14\n",
      "   1.05142036e+02]]\n",
      "Parameters for digit 3: Mean - [-2.18087374e-15 -1.24872610e-15  1.45977839e-15 -3.75497213e-15\n",
      "  9.67323031e-17 -1.16078764e-15 -3.18776908e-16  9.23353803e-17\n",
      "  9.49735340e-16  1.04646764e-15 -2.18087374e-15 -2.98990755e-16\n",
      "  1.81153222e-15 -4.96852284e-16  2.24243066e-16  1.31248148e-15], Covariance - [[ 1.16670515e+04  1.08465654e-11  6.22717613e-13  3.51528174e-13\n",
      "   1.23912446e-12  9.48051482e-13  1.87428836e-12 -8.66780551e-13\n",
      "  -2.75134231e-13 -6.87352527e-13 -1.90031457e-13  6.97550014e-13\n",
      "  -2.23137285e-12 -4.99312137e-13  5.70125835e-13 -3.12727104e-13]\n",
      " [ 1.08465654e-11  6.94638815e+02  1.36060816e-13 -2.61250079e-14\n",
      "  -2.86453766e-13 -7.18286140e-14 -1.00772621e-13  1.26535445e-13\n",
      "   5.12005503e-14  1.24933114e-15 -4.48266963e-14 -4.15952048e-14\n",
      "  -5.42094461e-14  1.35800006e-13 -9.69332083e-15 -2.18153616e-13]\n",
      " [ 6.22717613e-13  1.36060816e-13  4.31246626e+02  3.05390172e-14\n",
      "   1.56429129e-14  2.04910906e-13 -2.00291008e-14  3.93696412e-14\n",
      "  -4.61587227e-14 -2.69516057e-13  1.13119216e-13 -1.97154360e-13\n",
      "   5.85143875e-14 -1.43321207e-13 -6.34472662e-14  1.60932933e-13]\n",
      " [ 3.51528174e-13 -2.61250079e-14  3.05390172e-14  3.72000412e+02\n",
      "  -1.17569501e-13  1.15836161e-13  1.75014234e-13 -1.12865291e-13\n",
      "  -2.86846909e-14  7.70787048e-14 -4.69174296e-14  1.43133740e-13\n",
      "  -1.22733674e-13 -2.91249732e-14  7.08010906e-14 -8.01336297e-14]\n",
      " [ 1.23912446e-12 -2.86453766e-13  1.56429129e-14 -1.17569501e-13\n",
      "   3.34548223e+02  8.92694167e-14 -8.38774166e-14  8.11135267e-14\n",
      "   6.90594819e-14  9.07864383e-14 -6.09247310e-14 -2.77953088e-14\n",
      "  -6.45812869e-15 -2.29756955e-14  1.07574350e-13 -1.04690532e-13]\n",
      " [ 9.48051482e-13 -7.18286140e-14  2.04910906e-13  1.15836161e-13\n",
      "   8.92694167e-14  3.02161912e+02 -6.68999313e-14  4.01508807e-14\n",
      "   2.98248223e-13  2.52930485e-14  6.92212446e-14  1.77125591e-15\n",
      "   9.51432855e-14  9.59955976e-14  4.86511397e-14  7.81048809e-14]\n",
      " [ 1.87428836e-12 -1.00772621e-13 -2.00291008e-14  1.75014234e-13\n",
      "  -8.38774166e-14 -6.68999313e-14  2.29507067e+02  1.42896978e-14\n",
      "  -5.52188283e-14  4.29819754e-14  2.02012806e-13 -2.96311629e-13\n",
      "   2.64962600e-14  8.03442773e-14  1.96962052e-14  4.62449784e-14]\n",
      " [-8.66780551e-13  1.26535445e-13  3.93696412e-14 -1.12865291e-13\n",
      "   8.11135267e-14  4.01508807e-14  1.42896978e-14  2.01484886e+02\n",
      "   1.35038088e-12  9.15255227e-14  1.75051116e-13 -1.26053540e-13\n",
      "  -1.23482052e-13 -1.52972918e-14  8.00883733e-15 -3.39756444e-14]\n",
      " [-2.75134231e-13  5.12005503e-14 -4.61587227e-14 -2.86846909e-14\n",
      "   6.90594819e-14  2.98248223e-13 -5.52188283e-14  1.35038088e-12\n",
      "   1.87648128e+02 -1.80578325e-13  6.56808077e-14 -2.59591043e-14\n",
      "  -3.77215440e-14  2.98120153e-14 -4.83900157e-14  5.38319180e-14]\n",
      " [-6.87352527e-13  1.24933114e-15 -2.69516057e-13  7.70787048e-14\n",
      "   9.07864383e-14  2.52930485e-14  4.29819754e-14  9.15255227e-14\n",
      "  -1.80578325e-13  1.71297302e+02  3.55709990e-14  8.89392703e-14\n",
      "   1.57637466e-13  6.87170374e-14  1.56134340e-14  2.11552456e-14]\n",
      " [-1.90031457e-13 -4.48266963e-14  1.13119216e-13 -4.69174296e-14\n",
      "  -6.09247310e-14  6.92212446e-14  2.02012806e-13  1.75051116e-13\n",
      "   6.56808077e-14  3.55709990e-14  1.61827892e+02  9.28960665e-15\n",
      "  -1.12408587e-13  9.85659364e-14 -5.08111673e-14  3.01310650e-14]\n",
      " [ 6.97550014e-13 -4.15952048e-14 -1.97154360e-13  1.43133740e-13\n",
      "  -2.77953088e-14  1.77125591e-15 -2.96311629e-13 -1.26053540e-13\n",
      "  -2.59591043e-14  8.89392703e-14  9.28960665e-15  1.55477012e+02\n",
      "   7.88617515e-14 -4.14781011e-14  7.32724179e-14 -5.90052107e-14]\n",
      " [-2.23137285e-12 -5.42094461e-14  5.85143875e-14 -1.22733674e-13\n",
      "  -6.45812869e-15  9.51432855e-14  2.64962600e-14 -1.23482052e-13\n",
      "  -3.77215440e-14  1.57637466e-13 -1.12408587e-13  7.88617515e-14\n",
      "   1.27790889e+02 -4.61008144e-14  5.92798203e-14 -1.42684607e-15]\n",
      " [-4.99312137e-13  1.35800006e-13 -1.43321207e-13 -2.91249732e-14\n",
      "  -2.29756955e-14  9.59955976e-14  8.03442773e-14 -1.52972918e-14\n",
      "   2.98120153e-14  6.87170374e-14  9.85659364e-14 -4.14781011e-14\n",
      "  -4.61008144e-14  1.16473152e+02 -1.30482768e-14 -3.27263578e-13]\n",
      " [ 5.70125835e-13 -9.69332083e-15 -6.34472662e-14  7.08010906e-14\n",
      "   1.07574350e-13  4.86511397e-14  1.96962052e-14  8.00883733e-15\n",
      "  -4.83900157e-14  1.56134340e-14 -5.08111673e-14  7.32724179e-14\n",
      "   5.92798203e-14 -1.30482768e-14  1.13450921e+02  2.19946197e-13]\n",
      " [-3.12727104e-13 -2.18153616e-13  1.60932933e-13 -8.01336297e-14\n",
      "  -1.04690532e-13  7.81048809e-14  4.62449784e-14 -3.39756444e-14\n",
      "   5.38319180e-14  2.11552456e-14  3.01310650e-14 -5.90052107e-14\n",
      "  -1.42684607e-15 -3.27263578e-13  2.19946197e-13  1.07417952e+02]]\n",
      "Parameters for digit 4: Mean - [-2.46716228e-15 -4.57041812e-15  1.08555140e-15 -4.39154885e-15\n",
      "  5.59737442e-16 -1.85037171e-15 -9.00514231e-16  4.93432455e-17\n",
      " -5.67447324e-16 -1.38315285e-15  4.68760833e-16  7.40148683e-17\n",
      " -3.51570624e-16 -6.35294286e-16 -8.14163551e-16 -1.15339836e-15\n",
      " -2.96059473e-16], Covariance - [[ 9.10221070e+03 -8.77845420e-12  6.25257796e-13  4.60440310e-12\n",
      "  -7.26350200e-14 -4.01641272e-13 -2.59195804e-12 -3.66553309e-13\n",
      "  -2.20195277e-12  1.07276336e-12 -9.19400000e-13  2.79009087e-13\n",
      "  -5.64601743e-13 -5.69095896e-13  9.85464323e-13 -1.49010011e-12\n",
      "  -1.06321212e-12]\n",
      " [-8.77845420e-12  7.19380707e+02  7.90575012e-14  1.52815881e-13\n",
      "  -3.33282038e-13 -1.53571039e-13 -5.67644158e-15  2.31511624e-13\n",
      "  -2.69628330e-13 -5.59240914e-14  3.36478754e-13  1.43777584e-13\n",
      "  -1.05367135e-13  2.32794003e-13 -6.78313883e-14 -9.84843526e-14\n",
      "   3.84293536e-14]\n",
      " [ 6.25257796e-13  7.90575012e-14  5.48777674e+02 -8.23357962e-13\n",
      "  -2.70513403e-13  2.38785173e-13 -2.75772872e-13 -1.09000521e-13\n",
      "  -1.32827640e-13  3.42491751e-14  1.04727691e-13 -9.33652571e-14\n",
      "   3.25833096e-13 -8.88022647e-14  2.87453785e-14 -4.41846918e-15\n",
      "   1.84140653e-13]\n",
      " [ 4.60440310e-12  1.52815881e-13 -8.23357962e-13  4.89500873e+02\n",
      "   2.56441411e-12  4.85840133e-13  2.63923819e-13 -2.51481706e-13\n",
      "   2.34256305e-13  3.95265051e-14 -1.47063983e-13 -6.40086958e-14\n",
      "  -2.72478442e-13 -9.25388513e-15  2.30383323e-13 -4.10641649e-14\n",
      "   1.67327810e-13]\n",
      " [-7.26350200e-14 -3.33282038e-13 -2.70513403e-13  2.56441411e-12\n",
      "   4.51609342e+02 -4.13175198e-13  6.96268605e-14  6.34049594e-14\n",
      "  -6.19696619e-14 -3.59957049e-14 -1.18878144e-13 -9.91357488e-14\n",
      "   2.57100849e-14 -5.50799858e-14  2.07403058e-13  2.55514084e-14\n",
      "   8.80672687e-14]\n",
      " [-4.01641272e-13 -1.53571039e-13  2.38785173e-13  4.85840133e-13\n",
      "  -4.13175198e-13  4.01414364e+02  8.06444062e-14 -1.10155721e-13\n",
      "   1.16503951e-13  1.10368359e-13 -5.72843636e-14  1.01225858e-13\n",
      "  -2.24333580e-13 -8.00562369e-14  1.76621382e-14  3.17870130e-14\n",
      "  -1.47312522e-13]\n",
      " [-2.59195804e-12 -5.67644158e-15 -2.75772872e-13  2.63923819e-13\n",
      "   6.96268605e-14  8.06444062e-14  3.65293463e+02 -1.10157508e-13\n",
      "   5.22726681e-14 -1.13230745e-13  3.62857426e-14 -2.14871712e-13\n",
      "   3.33228249e-13  2.12341200e-14 -3.99202727e-14 -4.49988467e-14\n",
      "  -5.44415843e-14]\n",
      " [-3.66553309e-13  2.31511624e-13 -1.09000521e-13 -2.51481706e-13\n",
      "   6.34049594e-14 -1.10155721e-13 -1.10157508e-13  2.94619427e+02\n",
      "   4.78673337e-14  2.30839376e-15 -1.05742639e-13 -5.01402411e-14\n",
      "  -1.88128196e-14 -1.12278267e-13  7.32081299e-14 -1.52475147e-13\n",
      "   1.34502738e-13]\n",
      " [-2.20195277e-12 -2.69628330e-13 -1.32827640e-13  2.34256305e-13\n",
      "  -6.19696619e-14  1.16503951e-13  5.22726681e-14  4.78673337e-14\n",
      "   2.71407119e+02  1.13695861e-13  5.66724507e-14  7.91571327e-14\n",
      "  -2.75402926e-13  1.53843805e-13  5.55512309e-14  3.57212415e-16\n",
      "   8.00611533e-14]\n",
      " [ 1.07276336e-12 -5.59240914e-14  3.42491751e-14  3.95265051e-14\n",
      "  -3.59957049e-14  1.10368359e-13 -1.13230745e-13  2.30839376e-15\n",
      "   1.13695861e-13  2.52748675e+02  3.38916994e-14 -1.52092571e-14\n",
      "   1.04944229e-13  8.32087758e-14  2.08549035e-14  1.04734930e-13\n",
      "   1.56119249e-14]\n",
      " [-9.19400000e-13  3.36478754e-13  1.04727691e-13 -1.47063983e-13\n",
      "  -1.18878144e-13 -5.72843636e-14  3.62857426e-14 -1.05742639e-13\n",
      "   5.66724507e-14  3.38916994e-14  2.07765612e+02 -1.35642516e-14\n",
      "  -1.70341970e-13  1.55696855e-13 -1.18306037e-13 -3.77151666e-14\n",
      "  -1.44110076e-13]\n",
      " [ 2.79009087e-13  1.43777584e-13 -9.33652571e-14 -6.40086958e-14\n",
      "  -9.91357488e-14  1.01225858e-13 -2.14871712e-13 -5.01402411e-14\n",
      "   7.91571327e-14 -1.52092571e-14 -1.35642516e-14  1.75889902e+02\n",
      "   2.68179204e-13 -2.12023729e-14  5.33856541e-14 -1.35956944e-13\n",
      "   4.80366920e-14]\n",
      " [-5.64601743e-13 -1.05367135e-13  3.25833096e-13 -2.72478442e-13\n",
      "   2.57100849e-14 -2.24333580e-13  3.33228249e-13 -1.88128196e-14\n",
      "  -2.75402926e-13  1.04944229e-13 -1.70341970e-13  2.68179204e-13\n",
      "   1.74636930e+02 -1.22090855e-13  1.00602445e-14 -4.57803197e-14\n",
      "  -1.75468165e-13]\n",
      " [-5.69095896e-13  2.32794003e-13 -8.88022647e-14 -9.25388513e-15\n",
      "  -5.50799858e-14 -8.00562369e-14  2.12341200e-14 -1.12278267e-13\n",
      "   1.53843805e-13  8.32087758e-14  1.55696855e-13 -2.12023729e-14\n",
      "  -1.22090855e-13  1.61799054e+02  1.03881478e-14  6.31808949e-14\n",
      "   3.55418610e-14]\n",
      " [ 9.85464323e-13 -6.78313883e-14  2.87453785e-14  2.30383323e-13\n",
      "   2.07403058e-13  1.76621382e-14 -3.99202727e-14  7.32081299e-14\n",
      "   5.55512309e-14  2.08549035e-14 -1.18306037e-13  5.33856541e-14\n",
      "   1.00602445e-14  1.03881478e-14  1.44729895e+02 -1.23635279e-13\n",
      "  -8.98220060e-15]\n",
      " [-1.49010011e-12 -9.84843526e-14 -4.41846918e-15 -4.10641649e-14\n",
      "   2.55514084e-14  3.17870130e-14 -4.49988467e-14 -1.52475147e-13\n",
      "   3.57212415e-16  1.04734930e-13 -3.77151666e-14 -1.35956944e-13\n",
      "  -4.57803197e-14  6.31808949e-14 -1.23635279e-13  1.21037959e+02\n",
      "   8.34610642e-14]\n",
      " [-1.06321212e-12  3.84293536e-14  1.84140653e-13  1.67327810e-13\n",
      "   8.80672687e-14 -1.47312522e-13 -5.44415843e-14  1.34502738e-13\n",
      "   8.00611533e-14  1.56119249e-14 -1.44110076e-13  4.80366920e-14\n",
      "  -1.75468165e-13  3.55418610e-14 -8.98220060e-15  8.34610642e-14\n",
      "   1.16505697e+02]]\n",
      "Parameters for digit 5: Mean - [ 4.84460956e-15  2.50304827e-15 -8.61263922e-16 -1.85037171e-16\n",
      "  5.78661698e-16  4.30631961e-16 -1.91092933e-15  1.34572488e-16\n",
      "  6.56040878e-16 -5.24832703e-16  7.80520429e-16 -2.28773229e-15\n",
      " -2.01858732e-16 -1.72925647e-15 -5.71933073e-16  5.38289951e-17\n",
      "  7.80520429e-16 -3.43159844e-16], Covariance - [[ 9.12182141e+03  7.83993837e-11  3.35441725e-13 -1.17001902e-12\n",
      "  -2.39653401e-13  8.24440663e-13 -1.77099062e-12  8.71845480e-14\n",
      "  -7.90455856e-13  2.51408034e-12  1.53252467e-12 -2.57075612e-13\n",
      "  -9.09515482e-13 -1.91068318e-12  1.25165513e-12  2.26133187e-13\n",
      "  -2.18548777e-12  6.70332459e-13]\n",
      " [ 7.83993837e-11  1.09605603e+03  3.61232125e-13 -3.44204757e-13\n",
      "  -3.01294780e-13 -6.16602666e-13 -4.33008834e-13 -4.97713795e-14\n",
      "   2.47920236e-13  5.70654476e-14  1.46512337e-13  8.80746068e-14\n",
      "   1.07433333e-13 -4.15443275e-13  1.01446540e-13 -4.01001397e-13\n",
      "  -8.41535974e-14  1.56965724e-13]\n",
      " [ 3.35441725e-13  3.61232125e-13  8.06270275e+02 -2.72939251e-13\n",
      "  -8.48617286e-14 -2.41582749e-13  5.26886897e-13 -1.02461590e-13\n",
      "  -8.67581322e-14 -3.04506378e-13  1.14490901e-13  1.94064015e-13\n",
      "  -3.54337944e-13 -1.52734943e-13  3.34686901e-13 -1.89622217e-13\n",
      "  -3.71488158e-14  1.11676691e-13]\n",
      " [-1.17001902e-12 -3.44204757e-13 -2.72939251e-13  5.73885118e+02\n",
      "  -5.76143403e-14 -2.42640948e-13  3.45646211e-14 -6.42864862e-14\n",
      "   2.11563312e-13 -9.64487421e-14  3.46293055e-14  3.18027608e-15\n",
      "   1.03596218e-13  1.08420433e-13  2.54274051e-15  3.44624683e-15\n",
      "   8.70818272e-15 -6.49968711e-14]\n",
      " [-2.39653401e-13 -3.01294780e-13 -8.48617286e-14 -5.76143403e-14\n",
      "   4.76522734e+02 -3.33234062e-13 -4.60280899e-15  2.11020355e-13\n",
      "  -3.36071341e-14 -1.54774422e-14  3.58658938e-14 -1.55449937e-13\n",
      "   9.38596832e-14 -1.46832721e-13 -9.36997864e-14  5.73881640e-14\n",
      "  -1.54130758e-13  2.47778679e-15]\n",
      " [ 8.24440663e-13 -6.16602666e-13 -2.41582749e-13 -2.42640948e-13\n",
      "  -3.33234062e-13  4.44492593e+02 -1.14925447e-13 -3.15356916e-13\n",
      "   1.62977480e-14 -1.97629796e-13  1.05816373e-13 -1.50145987e-13\n",
      "   2.74396861e-14  8.06646500e-14  8.85770354e-14 -7.30885534e-14\n",
      "   1.40940174e-13  1.23590481e-14]\n",
      " [-1.77099062e-12 -4.33008834e-13  5.26886897e-13  3.45646211e-14\n",
      "  -4.60280899e-15 -1.14925447e-13  3.48185000e+02  1.41925287e-13\n",
      "   4.00829209e-14 -3.78668499e-13  6.09167451e-14 -7.33820550e-14\n",
      "  -3.08665168e-14 -1.81095715e-13 -7.53263630e-15 -5.20729963e-14\n",
      "   1.05934361e-14  2.57482739e-14]\n",
      " [ 8.71845480e-14 -4.97713795e-14 -1.02461590e-13 -6.42864862e-14\n",
      "   2.11020355e-13 -3.15356916e-13  1.41925287e-13  3.38214761e+02\n",
      "  -5.90353498e-14 -4.87484133e-14  1.35293970e-13 -1.62177305e-13\n",
      "   7.48835863e-14  9.93886706e-14 -1.44956226e-13 -1.19886358e-14\n",
      "  -1.10245861e-13  3.59270203e-14]\n",
      " [-7.90455856e-13  2.47920236e-13 -8.67581322e-14  2.11563312e-13\n",
      "  -3.36071341e-14  1.62977480e-14  4.00829209e-14 -5.90353498e-14\n",
      "   3.22140368e+02  1.29165424e-13  1.75148030e-13  5.50826462e-14\n",
      "   4.16376743e-14  1.21683621e-13  1.53895718e-13  2.50922867e-14\n",
      "  -5.34818345e-14  7.18619507e-14]\n",
      " [ 2.51408034e-12  5.70654476e-14 -3.04506378e-13 -9.64487421e-14\n",
      "  -1.54774422e-14 -1.97629796e-13 -3.78668499e-13 -4.87484133e-14\n",
      "   1.29165424e-13  2.57706951e+02  6.91695182e-14 -2.34340273e-13\n",
      "   1.01196244e-13  1.51659069e-13 -1.02501328e-13 -1.25368449e-13\n",
      "   2.57307775e-14  1.52680513e-14]\n",
      " [ 1.53252467e-12  1.46512337e-13  1.14490901e-13  3.46293055e-14\n",
      "   3.58658938e-14  1.05816373e-13  6.09167451e-14  1.35293970e-13\n",
      "   1.75148030e-13  6.91695182e-14  2.40403015e+02 -2.01913234e-13\n",
      "  -1.79443369e-13  1.14651476e-13  1.14907522e-13 -1.33730469e-13\n",
      "   3.15544515e-15  1.59419254e-14]\n",
      " [-2.57075612e-13  8.80746068e-14  1.94064015e-13  3.18027608e-15\n",
      "  -1.55449937e-13 -1.50145987e-13 -7.33820550e-14 -1.62177305e-13\n",
      "   5.50826462e-14 -2.34340273e-13 -2.01913234e-13  2.30868778e+02\n",
      "  -2.13439109e-13 -6.34639078e-14 -2.23733296e-14 -6.62664070e-14\n",
      "  -5.41988485e-14  5.29669487e-14]\n",
      " [-9.09515482e-13  1.07433333e-13 -3.54337944e-13  1.03596218e-13\n",
      "   9.38596832e-14  2.74396861e-14 -3.08665168e-14  7.48835863e-14\n",
      "   4.16376743e-14  1.01196244e-13 -1.79443369e-13 -2.13439109e-13\n",
      "   2.04134037e+02  1.59751692e-13 -1.53776325e-14  1.01785721e-14\n",
      "  -4.29644652e-15  4.80101086e-14]\n",
      " [-1.91068318e-12 -4.15443275e-13 -1.52734943e-13  1.08420433e-13\n",
